[1.072500e+02 1.102500e+02 2.560000e+03 1.202500e+02 2.500000e-01
 2.500000e-01 1.088000e+04 1.072500e+02 1.102500e+02 2.560000e+03
 1.072500e+02 9.770250e+03 1.069250e+03 1.072500e+02 1.182500e+02
 1.092500e+02 1.062500e+02 2.560000e+03 5.482500e+03 1.062500e+02
 5.482500e+03 1.070250e+03 1.062500e+02 5.482500e+03 1.182500e+02
 1.062500e+02 5.482500e+03 4.645500e+03 1.052500e+02 4.654750e+03
 1.158425e+04 1.052500e+02 1.440025e+04 5.482500e+03 5.510000e+02
 1.088000e+04 1.162500e+02 4.670250e+03 2.560000e+03 3.950750e+03
 3.959750e+03 5.482500e+03 1.102500e+02 1.405400e+04 2.560000e+03
 1.182500e+02 5.482500e+03 5.482500e+03 2.560000e+03 5.482500e+03
 2.560000e+03 5.482500e+03 5.482500e+03 2.560000e+03 1.163125e+04
 1.182500e+02 1.082500e+02 1.102500e+02 1.182500e+02 2.560000e+03
 6.854750e+03 1.036625e+04 1.184025e+04 1.082600e+04 5.482500e+03
 5.482500e+03 1.212500e+02 2.125000e+01 2.560000e+03 1.172500e+02
 2.560000e+03 5.482500e+03 2.560000e+03 5.482500e+03 5.482500e+03
 2.560000e+03 4.810000e+03 5.482500e+03 5.482500e+03 1.192500e+02
 5.482500e+03 2.560000e+03 5.482500e+03 1.465625e+04 1.192500e+02
 5.482500e+03 2.560000e+03 1.456600e+04 1.062500e+02 5.482500e+03
 5.482500e+03 1.192500e+02 1.239325e+04 5.482500e+03 1.184025e+04
 1.192500e+02 7.400000e+01 2.560000e+03 1.052500e+02 5.482500e+03
 1.363225e+04 1.088025e+04 1.192500e+02 5.482500e+03 1.092500e+02
 1.363225e+04 1.081625e+04 1.082500e+02 1.286425e+04 2.560000e+03
 5.482500e+03 2.560000e+03 5.482500e+03 1.182500e+02 1.088000e+04
 3.977250e+03 1.102500e+02 2.500000e-01 2.560000e+03 1.363225e+04
 1.388825e+04 1.202500e+02 1.132825e+04 1.337625e+04 2.560000e+03
 1.212500e+02 2.560000e+03 5.482500e+03 3.964750e+03 1.162500e+02
 1.112500e+02 1.102500e+02 1.088000e+04 5.482500e+03 2.560000e+03
 1.092500e+02 5.482500e+03 2.125000e+01 1.102500e+02 5.482500e+03
 1.363225e+04 5.482500e+03 2.125000e+01 5.482500e+03 1.440025e+04
 1.102500e+02 1.184025e+04 1.088000e+04 5.482500e+03 1.202500e+02
 1.162500e+02 9.024250e+03 1.363225e+04 2.125000e+01 2.560000e+03
 2.560000e+03 5.482500e+03 2.560000e+03 5.482500e+03 2.560000e+03
 1.414425e+04 2.560000e+03 2.560000e+03 1.102500e+02 2.560000e+03
 2.560000e+03 1.107225e+04 5.482500e+03 1.388825e+04 1.440025e+04
 5.482500e+03 5.482500e+03 2.560000e+03 1.286425e+04 1.102500e+02
 1.440025e+04 1.182500e+02 1.158425e+04 1.414425e+04 1.102500e+02
 5.482500e+03 5.482500e+03 5.482500e+03 5.482500e+03 1.312025e+04
 1.092500e+02 1.192500e+02 5.482500e+03 5.425000e+01 1.158425e+04
 2.560000e+03 5.482500e+03 5.482500e+03 1.286425e+04 1.192500e+02
 5.482500e+03 2.560000e+03 5.482500e+03 2.560000e+03 2.560000e+03
 2.560000e+03 5.482500e+03 5.482500e+03 2.560000e+03 5.482500e+03
 2.125000e+01 2.560000e+03 2.560000e+03 5.482500e+03 1.088000e+04
 7.400000e+01 5.482500e+03 1.122500e+02 5.482500e+03 1.212500e+02
 1.328575e+04 2.500000e-01 1.312025e+04 1.092500e+02 2.560000e+03
 5.482500e+03 1.388825e+04 1.202500e+02 1.202500e+02 2.560000e+03
 3.983750e+03 1.092500e+02 1.363225e+04 4.656250e+03 1.042500e+02
 1.107225e+04 1.102500e+02 1.202500e+02 2.560000e+03 1.088025e+04
 6.400000e+01 5.482500e+03 5.482500e+03 2.560000e+03 9.721250e+03
 1.202500e+02 1.202500e+02 1.209625e+04 2.560000e+03 1.062500e+02
 1.440025e+04 1.088025e+04 1.142500e+02 2.560000e+03 1.184025e+04
 1.026950e+04 1.192500e+02 1.102500e+02 5.482500e+03 2.560000e+03
 5.482500e+03 5.482500e+03 5.482500e+03 1.202500e+02 1.082250e+03
 5.482500e+03 1.158425e+04 1.172500e+02 1.202500e+02 4.653500e+03
 5.482500e+03 1.388825e+04 1.192500e+02 1.267600e+04 2.560000e+03
 1.196925e+04 2.560000e+03 2.560000e+03 9.683250e+03 1.088000e+04
 5.482500e+03 1.414425e+04 2.560000e+03 5.482500e+03 5.482500e+03
 2.560000e+03 5.482500e+03 1.440025e+04 5.482500e+03 5.482500e+03
 5.482500e+03 1.142500e+02 5.482500e+03 1.414425e+04 1.112500e+02
 1.052500e+02 5.482500e+03 1.088025e+04 5.482500e+03 5.482500e+03
 2.560000e+03 5.482500e+03 5.482500e+03 5.482500e+03 1.172500e+02
 5.482500e+03 5.482500e+03 1.363225e+04 1.182500e+02 1.414425e+04
 9.615250e+03 1.062500e+02 5.482500e+03 5.482500e+03 5.482500e+03
 1.337625e+04 1.056025e+04 5.482500e+03 9.727250e+03 1.088000e+04
 1.158425e+04 5.482500e+03 5.482500e+03 1.209625e+04 5.482500e+03
 2.560000e+03 5.482500e+03 2.500000e-01 2.560000e+03 1.102500e+02
 3.971250e+03 1.132825e+04 5.482500e+03 1.088750e+03 1.102500e+02
 5.482500e+03 1.172500e+02 2.560000e+03 1.172500e+02 5.482500e+03
 2.560000e+03 5.482500e+03 1.107225e+04 1.182500e+02 1.062500e+02
 1.162500e+02 1.192500e+02 5.482500e+03 1.286425e+04 1.192500e+02
 2.560000e+03 1.441000e+04 1.081625e+04 2.500000e-01 2.560000e+03
 6.758000e+03 1.363225e+04 2.500000e-01 1.363225e+04 1.363225e+04
 1.337625e+04 1.337625e+04 1.337625e+04 1.337625e+04 1.312025e+04
 1.312025e+04]